50
3
11,55 10,22 12,66
6,08 12,65 5,72
4,81 12,76 6,55
2,2 4,58 1,46
13,75 3,82 2,16
1,57 8,11 2,72
4,47 10,18 6,96
4,39 7,75 4,6
10,81 7,79 14,43
14,03 1,43 14,02
12,97 6,19 5,41
5,56 4,99 14,29
11,21 13,85 6,35
2,7 0,66 12,1
10,2 11,41 2,0
1,52 6,03 12,61
7,24 7,21 7,23
1,82 8,79 6,74
11,27 1,05 11,42
6,87 7,27 4,09
5,27 8,76 6,04
2,62 2,71 7,7
13,38 6,5 0,69
9,83 8,48 5,56
4,02 6,66 7,05
6,58 12,85 9,59
9,89 7,23 4,45
2,72 4,75 5,44
13,14 10,56 7,17
8,91 14,45 2,58
5,48 10,94 8,23
6,75 10,21 8,81
3,83 7,21 3,7
9,1 0,0 2,16
0,06 0,13 6,4
8,51 7,71 9,0
14,27 13,39 9,25
2,18 5,33 3,85
2,21 11,93 6,35
7,13 4,5 9,16
14,15 14,31 8,67
8,95 2,75 1,04
4,51 5,0 4,74
9,93 3,61 4,38
9,16 13,91 2,21
7,61 7,06 4,9
3,88 11,17 11,41
8,97 2,7 9,52
6,68 4,79 1,45
5,18 0,64 11,75