126
3
11,55 10,22 12,66
6,08 12,65 5,72
4,81 12,76 6,55
2,2 4,58 1,46
13,75 3,82 2,16
1,57 8,11 2,72
4,47 10,18 6,96
4,39 7,75 4,6
10,81 7,79 14,43
14,03 1,43 14,02
12,97 6,19 5,41
5,56 4,99 14,29
11,21 13,85 6,35
2,7 0,66 12,1
10,2 11,41 2,0
1,52 6,03 12,61
7,24 7,21 7,23
1,82 8,79 6,74
11,27 1,05 11,42
6,87 7,27 4,09
5,27 8,76 6,04
2,62 2,71 7,7
13,38 6,5 0,69
9,83 8,48 5,56
4,02 6,66 7,05
6,58 12,85 9,59
9,89 7,23 4,45
2,72 4,75 5,44
13,14 10,56 7,17
8,91 14,45 2,58
5,48 10,94 8,23
6,75 10,21 8,81
3,83 7,21 3,7
9,1 0,0 2,16
0,06 0,13 6,4
8,51 7,71 9,0
14,27 13,39 9,25
2,18 5,33 3,85
2,21 11,93 6,35
7,13 4,5 9,16
14,15 14,31 8,67
8,95 2,75 1,04
4,51 5,0 4,74
9,93 3,61 4,38
9,16 13,91 2,21
7,61 7,06 4,9
3,88 11,17 11,41
8,97 2,7 9,52
6,68 4,79 1,45
5,18 0,64 11,75
10,13 2,36 13,05
13,58 14,38 6,08
2,98 2,4 0,91
2,49 3,07 4,15
8,01 0,37 4,69
1,97 13,2 14,92
1,93 1,47 11,44
9,01 3,47 6,88
12,71 8,29 11,81
4,93 11,89 14,72
7,67 10,56 13,09
6,14 6,01 14,55
4,22 13,43 2,18
1,04 4,86 13,85
11,32 0,71 13,21
14,18 6,51 11,98
12,68 3,83 5,08
0,14 9,68 0,45
2,96 7,7 14,83
5,19 12,66 13,68
3,26 13,21 4,51
6,46 12,69 5,14
5,85 0,57 0,48
7,01 8,27 10,89
1,83 13,88 3,51
5,39 1,87 0,32
7,02 13,91 11,74
12,51 11,6 14,86
1,13 9,03 8,0
5,23 14,88 9,07
13,35 1,53 5,94
10,25 12,38 10,7
0,54 6,53 5,53
4,18 9,86 14,22
5,56 9,86 2,31
0,56 6,38 8,85
14,62 2,98 5,63
12,36 7,12 0,57
10,32 10,91 3,58
9,12 4,61 2,98
11,57 10,28 5,86
10,18 8,48 3,86
12,31 12,94 9,36
1,48 7,08 7,7
9,12 5,11 13,35
13,37 2,49 12,67
12,25 10,02 1,49
2,26 1,38 5,29
3,15 9,24 6,95
13,78 5,83 4,83
13,49 12,43 3,03
5,62 2,37 13,95
9,92 1,26 2,7
1,67 9,6 6,17
7,79 8,48 12,48
0,04 13,6 13,0
6,82 8,84 6,77
3,46 10,13 3,63
0,22 10,1 8,53
9,29 5,12 13,63
4,91 14,23 12,48
10,12 4,08 0,42
8,73 10,69 0,26
12,66 0,86 13,62
2,93 5,4 11,55
7,38 14,76 7,79
12,99 0,43 2,0
2,07 4,94 7,33
13,71 4,8 8,43
13,01 6,23 7,45
5,97 13,89 7,79
1,1 11,56 7,57
1,92 2,64 8,75
8,25 10,57 12,26
4,07 9,32 9,01
1,91 3,24 0,57